data/images/GOPR8291/00017.png 927,1011,1057,1245,0
data/images/GOPR8291/00021.png 16,901,446,1435,0
data/images/GOPR8291/00022.png 1965,1070,2072,1174,0
data/images/GOPR8291/00024.png 741,704,1998,1859,0
data/images/GOPR8291/00025.png 2138,765,3217,1850,0
data/images/GOPR8291/00026.png 3263,767,3829,1643,0
data/images/GOPR8291/00028.png 632,990,798,1300,0
data/images/GOPR8291/00029.png 369,962,552,1353,0
data/images/GOPR8291/00030.png 141,916,322,1458,0
data/images/GOPR8291/00031.png 106,855,504,1606,0
data/images/GOPR8291/00032.png 873,776,1987,1845,0
data/images/GOPR8291/00033.png 3243,851,3789,1647,0
data/images/GOPR8291/00034.png 3718,954,3839,1370,0
data/images/GOPR8291/00035.png 3112,1009,3377,1312,0
data/images/GOPR8291/00036.png 2696,1038,2854,1248,0
data/images/GOPR8291/00037.png 2495,1054,2581,1208,0
data/images/GOPR8291/00038.png 2354,1063,2409,1186,0
data/images/GOPR8291/00039.png 2218,1073,2315,1176,0
data/images/GOPR8291/00040.png 1967,1071,2070,1173,0
data/images/GOPR8291/00041.png 1845,1071,1887,1176,0
data/images/GOPR8291/00042.png 1836,1063,1888,1197,0
data/images/GOPR8291/00043.png 1848,1054,1910,1217,0
data/images/GOPR8291/00044.png 1857,1042,1917,1227,0
data/images/GOPR8291/00045.png 1851,1044,1910,1227,0
data/images/GOPR8291/00046.png 1851,1041,1915,1224,0
data/images/GOPR8291/00047.png 1868,1039,1950,1247,0
data/images/GOPR8291/00048.png 1898,994,2005,1330,0
data/images/GOPR8291/00049.png 1924,905,2399,1562,0
data/images/GOPR8291/00050.png 3443,867,3839,1676,0
data/images/GOPR8291/00051.png 3641,983,3839,1367,0
data/images/GOPR8291/00052.png 3067,1022,3301,1295,0
data/images/GOPR8291/00053.png 2717,1039,2836,1239,0
data/images/GOPR8291/00054.png 2435,1053,2606,1212,0
data/images/GOPR8291/00055.png 2110,1055,2222,1213,0
data/images/GOPR8291/00056.png 2103,1053,2297,1235,0
data/images/GOPR8291/00057.png 2585,1056,2692,1237,0
data/images/GOPR8291/00058.png 2502,1053,2585,1208,0
data/images/GOPR8291/00059.png 2361,1065,2423,1187,0
data/images/GOPR8291/00060.png 2256,1071,2319,1176,0
data/images/GOPR8291/00061.png 2024,1068,2135,1172,0
data/images/GOPR8291/00062.png 1832,1067,1945,1171,0
data/images/GOPR8291/00063.png 1754,1066,1858,1170,0
data/images/GOPR8291/00064.png 1775,1071,1810,1171,0
data/images/GOPR8291/00065.png 1820,1072,1888,1179,0
data/images/GOPR8291/00066.png 1859,1063,1968,1178,0
data/images/GOPR8291/00067.png 2023,1071,2131,1170,0
data/images/GOPR8291/00068.png 2254,1071,2312,1171,0
data/images/GOPR8291/00069.png 2209,1066,2269,1185,0
data/images/GOPR8291/00070.png 1895,1052,2030,1216,0
data/images/GOPR8291/00071.png 1204,1023,1462,1276,0
data/images/GOPR8291/00072.png 212,951,548,1353,0
data/images/GOPR8291/00073.png 1,892,256,1560,0
data/images/GOPR8291/00074.png 924,706,2130,1886,0
data/images/GOPR8291/00075.png 3492,846,3839,1631,0
data/images/GOPR8291/00076.png 3668,972,3839,1355,0
data/images/GOPR8291/00077.png 3270,1001,3518,1322,0
data/images/GOPR8291/00079.png 2865,1030,3035,1268,0
data/images/GOPR8291/00080.png 2716,1037,2870,1253,0
data/images/GOPR8291/00081.png 2555,1048,2741,1233,0
data/images/GOPR8291/00082.png 2348,1054,2538,1227,0
data/images/GOPR8291/00083.png 2136,1049,2315,1234,0
data/images/GOPR8291/00084.png 1922,1051,2113,1222,0
data/images/GOPR8291/00085.png 1834,1045,2015,1220,0
data/images/GOPR8291/00086.png 1827,1045,2009,1222,0
data/images/GOPR8291/00087.png 1884,1045,2096,1226,0
data/images/GOPR8291/00088.png 1984,1051,2163,1224,0
data/images/GOPR8291/00089.png 1990,1051,2185,1222,0
data/images/GOPR8291/00090.png 1773,1050,1977,1221,0
data/images/GOPR8291/00091.png 1550,1048,1745,1226,0
data/images/GOPR8291/00092.png 1319,1046,1512,1217,0
data/images/GOPR8291/00093.png 1216,1046,1294,1192,0
data/images/GOPR8291/00094.png 1220,1052,1283,1195,0
data/images/GOPR8291/00095.png 1271,1060,1329,1194,0
data/images/GOPR8291/00096.png 1318,1061,1364,1180,0
data/images/GOPR8291/00097.png 1351,1063,1399,1171,0
data/images/GOPR8291/00098.png 1475,1055,1578,1172,0
data/images/GOPR8291/00099.png 1727,1066,1840,1169,0
data/images/GOPR8291/00100.png 2028,1066,2139,1172,0
data/images/GOPR8291/00101.png 2285,1069,2332,1179,0
data/images/GOPR8291/00102.png 2401,1057,2457,1195,0
data/images/GOPR8291/00103.png 2570,1049,2672,1224,0
data/images/GOPR8291/00104.png 2860,1036,3034,1270,0
data/images/GOPR8291/00105.png 3370,996,3661,1339,0
data/images/GOPR8291/00106.png 3586,917,3839,1540,0
data/images/GOPR8291/00107.png 2772,953,2924,1408,0
data/images/GOPR8291/00108.png 2815,1008,2930,1301,0
data/images/GOPR8291/00109.png 2659,1044,2784,1243,0
data/images/GOPR8291/00110.png 2465,1063,2556,1208,0
data/images/GOPR8291/00111.png 2343,1071,2407,1189,0
data/images/GOPR8291/00112.png 2181,1075,2286,1177,0
data/images/GOPR8291/00113.png 1929,1068,2042,1174,0
data/images/GOPR8291/00114.png 1806,1070,1920,1167,0
data/images/GOPR8291/00115.png 1686,1062,1793,1173,0
data/images/GOPR8291/00116.png 1464,1062,1559,1173,0
data/images/GOPR8291/00117.png 1360,1060,1427,1176,0
data/images/GOPR8291/00118.png 1558,1061,1696,1191,0
data/images/GOPR8291/00119.png 1910,1061,2056,1199,0
data/images/GOPR8291/00120.png 2287,1056,2454,1206,0
data/images/GOPR8291/00121.png 2649,1034,2767,1224,0
data/images/GOPR8291/00122.png 2995,1014,3205,1286,0